stnum	gender	year	deathsw	popw	deathsb	popb
1	0	1990	15086	1451368	5563	470843
1	0	1991	15416	1466842	5604	478799
1	0	1992	15153	1483874	5498	489321
1	0	1993	15307	1502593	5557	500063
1	0	1994	15692	1515821	5587	509092
1	0	1995	15878	1527045	5787	515742
1	0	1996	16150	1538349	5615	520918
1	0	1997	16296	1549462	5536	528001
1	0	1998	16517	1562991	5472	533599
1	0	1999	16577	1570643	5576	539198
1	0	2000	16815	1576062	5491	543195
1	0	2001	16593	1579213	5544	546671
1	0	2002	17008	1581601	5578	548932
1	0	2003	17221	1588053	5620	552396
1	0	2004	17196	1593787	5480	555151
1	0	2005	17427	1603038	5663	559813
1	0	2006	17549	1621206	5717	568256
1	0	2007	17775	1634613	5612	573815
1	0	2008	17935	1645795	5625	580407
1	0	2009	18197	1656173	5594	585574
1	1	1990	13635	1536396	5040	553355
1	1	1991	13959	1551937	5037	561481
1	1	1992	13659	1567806	4973	571306
1	1	1993	15119	1585856	5199	581416
1	1	1994	15161	1598568	5174	590501
1	1	1995	15463	1607048	5158	598291
1	1	1996	15782	1616610	5196	604175
1	1	1997	16087	1625381	5256	612119
1	1	1998	16468	1635049	5385	618649
1	1	1999	17046	1640665	5504	623475
1	1	2000	17226	1643882	5414	627527
1	1	2001	17526	1645396	5555	630230
1	1	2002	17716	1646009	5647	631666
1	1	2003	18135	1649621	5592	634258
1	1	2004	17695	1655977	5615	638377
1	1	2005	18271	1664282	5579	642674
1	1	2006	17961	1681661	5552	652194
1	1	2007	17725	1694390	5424	658276
1	1	2008	18441	1706127	5499	665698
1	1	2009	18095	1714615	5386	670195
2	0	1990	967	225742	0	12470
2	0	1991	951	232300	0	12605
2	0	1992	969	239360	0	13440
2	0	1993	1027	242055	0	14344
2	0	1994	1016	242242	0	13798
2	0	1995	1132	241228	0	13063
2	0	1996	1084	240895	0	12972
2	0	1997	1073	240363	0	13341
2	0	1998	1068	241625	0	13747
2	0	1999	1105	242016	0	13900
2	0	2000	1168	240981	0	14037
2	0	2001	1218	243089	0	14662
2	0	2002	1253	246295	10	15266
2	0	2003	1303	248553	0	15414
2	0	2004	1254	253309	0	16119
2	0	2005	1256	256682	0	16602
2	0	2006	1332	259706	0	16822
2	0	2007	1387	261637	10	17443
2	0	2008	1409	264618	0	18300
2	0	2009	1436	265775	12	18027
2	1	1990	525	197534	0	10195
2	1	1991	546	204061	0	10425
2	1	1992	587	209932	0	11304
2	1	1993	600	212940	0	12233
2	1	1994	671	214432	0	12331
2	1	1995	672	215737	0	11791
2	1	1996	711	216874	0	11491
2	1	1997	706	217545	0	12011
2	1	1998	717	218931	0	12447
2	1	1999	764	220036	0	12710
2	1	2000	888	219691	0	12812
2	1	2001	871	221036	0	13177
2	1	2002	855	223801	0	13814
2	1	2003	907	226564	0	14236
2	1	2004	858	229446	0	14577
2	1	2005	920	231199	0	14761
2	1	2006	1020	233784	0	15064
2	1	2007	1022	234586	0	15344
2	1	2008	1023	235194	0	15641
2	1	2009	1059	240336	0	16275
3	0	1990	14636	1626280	396	60277
3	0	1991	14981	1670360	423	63303
3	0	1992	15863	1726281	465	66125
3	0	1993	16788	1792560	443	68954
3	0	1994	17150	1873810	532	73396
3	0	1995	17588	1957485	529	77955
3	0	1996	18167	2026609	482	81961
3	0	1997	18100	2095145	511	85452
3	0	1998	18751	2161465	519	89380
3	0	1999	19681	2225387	552	92706
3	0	2000	19639	2290486	554	96622
3	0	2001	19896	2349852	561	101793
3	0	2002	20939	2412772	563	107384
3	0	2003	21005	2470358	624	112370
3	0	2004	20967	2541815	603	119418
3	0	2005	22204	2632076	625	128086
3	0	2006	22310	2722168	764	138428
3	0	2007	22003	2791462	700	147283
3	0	2008	22172	2845936	723	155632
3	0	2009	21928	2882332	697	162721
3	1	1990	12115	1666906	245	55519
3	1	1991	12474	1710081	279	58691
3	1	1992	12921	1764412	296	61492
3	1	1993	14194	1828105	310	64298
3	1	1994	14691	1904925	329	68552
3	1	1995	15242	1984303	347	72469
3	1	1996	15855	2049348	380	75907
3	1	1997	16363	2112672	379	78993
3	1	1998	16846	2176043	397	82060
3	1	1999	17546	2235195	405	84913
3	1	2000	17996	2294857	425	88189
3	1	2001	18118	2351011	453	93480
3	1	2002	19002	2410769	372	98919
3	1	2003	19195	2467881	499	104507
3	1	2004	19168	2535241	471	111347
3	1	2005	20333	2621990	548	119998
3	1	2006	20717	2705023	506	129990
3	1	2007	20138	2769142	558	138743
3	1	2008	20077	2820147	569	147095
3	1	2009	20035	2855511	620	154410
4	0	1990	10827	950092	2180	174235
4	0	1991	10992	961535	2171	176726
4	0	1992	10983	974482	2112	180059
4	0	1993	11563	990430	2174	183653
4	0	1994	11587	1007063	2100	186012
4	0	1995	11655	1024618	2170	189107
4	0	1996	11582	1039552	2017	192760
4	0	1997	11956	1051586	2054	195240
4	0	1998	11711	1062455	2077	197552
4	0	1999	11943	1073571	2029	199799
4	0	2000	12018	1084360	1991	201429
4	0	2001	11920	1088782	1907	202989
4	0	2002	12168	1093760	1898	204418
4	0	2003	11932	1100703	1984	206050
4	0	2004	11693	1110002	1925	207917
4	0	2005	12088	1121625	1966	209982
4	0	2006	12038	1135995	2002	213676
4	0	2007	12105	1146649	1927	215452
4	0	2008	12577	1155084	2059	218290
4	0	2009	12533	1162220	1948	220775
4	1	1990	9675	1006519	1903	201135
4	1	1991	9878	1016127	1930	203468
4	1	1992	9914	1028350	1873	206673
4	1	1993	10729	1044078	1979	210141
4	1	1994	10653	1059197	1860	212526
4	1	1995	10812	1074863	1972	215520
4	1	1996	10997	1087518	1843	218690
4	1	1997	11742	1097570	1955	221051
4	1	1998	11638	1105664	1977	223228
4	1	1999	11855	1114373	1994	224639
4	1	2000	12057	1122218	2031	225834
4	1	2001	11920	1125880	1902	227213
4	1	2002	12222	1130035	2038	228367
4	1	2003	11981	1135507	1864	229501
4	1	2004	11920	1143385	1876	231685
4	1	2005	11904	1154668	1946	233534
4	1	2006	11754	1168384	1924	237783
4	1	2007	12058	1178585	1924	239532
4	1	2008	12617	1187279	1852	242704
4	1	2009	12069	1194372	1890	244698
5	0	1990	97595	12235402	9797	1154257
5	0	1991	97444	12394632	10079	1170986
5	0	1992	97568	12553581	9993	1185200
5	0	1993	99577	12624753	10405	1188502
5	0	1994	99866	12660852	10361	1189218
5	0	1995	99616	12702578	10147	1190468
5	0	1996	97151	12793592	9721	1197412
5	0	1997	96661	12946925	9261	1206551
5	0	1998	96942	13124408	9362	1217671
5	0	1999	96911	13289192	9214	1228282
5	0	2000	96823	13454816	9254	1237969
5	0	2001	98199	13634578	9558	1248209
5	0	2002	98653	13772462	9756	1254873
5	0	2003	100732	13899084	9822	1259802
5	0	2004	97623	14010025	9747	1266491
5	0	2005	99614	14094636	10051	1270799
5	0	2006	99921	14148274	9802	1273776
5	0	2007	98208	14232860	9706	1278532
5	0	2008	98232	14357602	9391	1287843
5	0	2009	97998	14493939	9390	1300589
5	1	1990	89498	12118836	7661	1168114
5	1	1991	89365	12280028	7631	1190551
5	1	1992	89259	12434181	7821	1209410
5	1	1993	92099	12506487	8060	1218107
5	1	1994	93349	12553401	8126	1222513
5	1	1995	93262	12595432	8104	1228166
5	1	1996	94673	12690865	8408	1237485
5	1	1997	96270	12848152	8250	1248857
5	1	1998	97538	13017282	8411	1260010
5	1	1999	99144	13203242	8795	1274187
5	1	2000	98974	13373458	8550	1285230
5	1	2001	100650	13526989	8825	1294469
5	1	2002	100001	13650157	8968	1301745
5	1	2003	101630	13778462	9055	1308994
5	1	2004	98051	13866236	8936	1314116
5	1	2005	99289	13914778	9062	1314905
5	1	2006	98703	13947761	9012	1316163
5	1	2007	96618	14008906	8985	1317269
5	1	2008	97189	14111692	8901	1325338
5	1	2009	95379	14224878	8737	1337873
6	0	1990	10659	1524247	400	69899
6	0	1991	11102	1561409	418	72785
6	0	1992	11160	1612968	431	75541
6	0	1993	11459	1667772	483	78543
6	0	1994	11968	1719385	493	81224
6	0	1995	12123	1767688	515	83285
6	0	1996	12237	1811015	466	85277
6	0	1997	12265	1856972	472	87795
6	0	1998	12636	1902138	476	91458
6	0	1999	12777	1952428	520	94708
6	0	2000	12793	1997070	516	98835
6	0	2001	13114	2044202	520	102845
6	0	2002	13870	2074545	538	105707
6	0	2003	13787	2089604	590	106784
6	0	2004	13534	2112194	521	110464
6	0	2005	14077	2135294	569	111720
6	0	2006	13849	2175312	562	115699
6	0	2007	14358	2213554	548	118876
6	0	2008	14904	2254353	615	123091
6	0	2009	14786	2292132	638	127704
6	1	1990	10002	1553568	277	66727
6	1	1991	10450	1586059	346	69305
6	1	1992	10261	1630712	299	72371
6	1	1993	11144	1680189	368	75419
6	1	1994	11097	1727306	360	77672
6	1	1995	11616	1770171	393	79274
6	1	1996	12293	1808880	367	81395
6	1	1997	12124	1848917	421	83511
6	1	1998	12714	1886832	411	86014
6	1	1999	12953	1930473	453	88362
6	1	2000	13062	1968297	450	91133
6	1	2001	13748	2010307	395	94720
6	1	2002	13886	2039044	454	97628
6	1	2003	14181	2061012	459	99205
6	1	2004	13358	2078513	405	101416
6	1	2005	13970	2107682	485	103628
6	1	2006	14129	2145656	402	107319
6	1	2007	14134	2184017	469	110400
6	1	2008	14678	2221432	466	113847
6	1	2009	14609	2256930	481	117771
7	0	1990	12573	1430276	1004	134978
7	0	1991	12831	1428461	1044	139086
7	0	1992	12859	1422419	1123	141277
7	0	1993	12993	1420989	1152	144552
7	0	1994	13041	1420070	1250	147018
7	0	1995	13168	1420040	1138	148889
7	0	1996	13017	1421613	1091	151534
7	0	1997	12992	1422732	959	154558
7	0	1998	12860	1423548	1044	158799
7	0	1999	12871	1427459	989	162682
7	0	2000	13087	1434204	1062	165994
7	0	2001	12691	1439443	1029	168439
7	0	2002	13163	1445476	1039	170875
7	0	2003	12890	1450301	985	173339
7	0	2004	12788	1452194	1018	174509
7	0	2005	12675	1451146	1035	176145
7	0	2006	12631	1451782	1043	178171
7	0	2007	12344	1450188	1066	179913
7	0	2008	12453	1453522	1016	182601
7	0	2009	12254	1457480	1021	185236
7	1	1990	13077	1518873	813	148462
7	1	1991	13215	1518669	791	152676
7	1	1992	13292	1513740	834	155200
7	1	1993	13890	1512042	849	159085
7	1	1994	13891	1511427	942	161469
7	1	1995	14096	1510081	892	164498
7	1	1996	14376	1511353	875	167654
7	1	1997	14415	1511865	876	170869
7	1	1998	14673	1514084	967	175029
7	1	1999	14450	1517316	924	179119
7	1	2000	14829	1523124	960	182667
7	1	2001	14907	1525351	975	184501
7	1	2002	14744	1528167	921	186966
7	1	2003	14569	1531752	939	189222
7	1	2004	14287	1529758	964	190368
7	1	2005	14509	1525807	959	191449
7	1	2006	14325	1524237	979	193327
7	1	2007	13980	1521891	979	194866
7	1	2008	14072	1523365	941	197036
7	1	2009	13979	1525148	1015	199548
8	0	1990	2361	265135	486	54073
8	0	1991	2437	269392	490	56140
8	0	1992	2412	272758	507	58189
8	0	1993	2511	276111	584	60061
8	0	1994	2723	279333	558	62026
8	0	1995	2528	282726	589	64125
8	0	1996	2632	285583	613	66178
8	0	1997	2676	288106	486	68290
8	0	1998	2699	290641	537	70705
8	0	1999	2741	293655	549	72959
8	0	2000	2755	296625	564	74943
8	0	2001	2845	298651	545	76343
8	0	2002	2727	301351	585	77773
8	0	2003	2838	304352	616	79321
8	0	2004	2958	307848	589	80905
8	0	2005	3049	310953	608	83214
8	0	2006	2913	314322	638	85449
8	0	2007	3008	317491	600	87268
8	0	2008	3103	320799	607	89250
8	0	2009	3046	323183	653	90553
8	1	1990	2392	278838	408	60175
8	1	1991	2438	282812	458	62461
8	1	1992	2514	286185	407	64290
8	1	1993	2513	289675	449	66318
8	1	1994	2521	292519	448	68490
8	1	1995	2563	295806	494	71047
8	1	1996	2640	299109	521	73341
8	1	1997	2738	301250	489	76004
8	1	1998	2724	304676	500	78298
8	1	1999	2772	307558	477	80684
8	1	2000	2888	310664	535	82851
8	1	2001	3005	312666	575	84606
8	1	2002	2939	315077	478	86424
8	1	2003	2927	318001	576	88389
8	1	2004	2897	321313	565	90392
8	1	2005	3091	325147	606	93041
8	1	2006	2974	328996	569	95568
8	1	2007	3009	331929	563	98085
8	1	2008	3192	334797	588	100170
8	1	2009	3112	337496	602	101796
9	0	1990	858	94031	3040	181930
9	0	1991	843	92421	3014	181334
9	0	1992	851	91469	3076	180554
9	0	1993	786	91921	3194	178342
9	0	1994	839	92565	3140	175049
9	0	1995	769	92720	2953	171451
9	0	1996	676	93414	2859	166784
9	0	1997	609	94768	2462	164193
9	0	1998	555	95894	2401	161869
9	0	1999	594	98977	2449	160821
9	0	2000	584	100052	2351	160462
9	0	2001	590	103463	2402	159902
9	0	2002	539	104497	2413	159315
9	0	2003	538	105240	2266	157717
9	0	2004	561	107503	2149	156081
9	0	2005	549	110405	2165	154227
9	0	2006	597	112916	2052	152521
9	0	2007	557	115642	1961	150846
9	0	2008	554	118514	2002	149669
9	0	2009	521	123387	1926	148863
9	1	1990	787	97803	2432	218324
9	1	1991	689	94964	2388	217012
9	1	1992	670	94076	2400	214686
9	1	1993	772	94472	2335	212837
9	1	1994	669	94457	2469	208921
9	1	1995	683	94241	2375	203928
9	1	1996	639	94174	2313	200068
9	1	1997	623	94908	2292	196112
9	1	1998	652	95900	2301	193436
9	1	1999	618	98382	2270	193200
9	1	2000	585	98737	2303	192940
9	1	2001	598	101862	2224	192974
9	1	2002	541	103154	2205	192483
9	1	2003	497	103701	2124	190867
9	1	2004	518	106053	2068	189593
9	1	2005	486	108629	2135	187840
9	1	2006	526	111293	2022	185714
9	1	2007	523	114206	1976	183594
9	1	2008	454	117305	1974	181700
9	1	2009	440	122589	1817	180782
10	0	1990	64354	5360787	8204	857815
10	0	1991	65466	5487737	8130	890519
10	0	1992	66367	5589421	8174	926390
10	0	1993	69095	5684697	8639	958219
10	0	1994	69939	5795651	8868	994210
10	0	1995	71519	5903522	9255	1027031
10	0	1996	71378	6022911	8778	1060709
10	0	1997	71164	6146129	8554	1098010
10	0	1998	72248	6254483	8573	1130961
10	0	1999	73785	6349696	8901	1163720
10	0	2000	74846	6453803	8859	1192743
10	0	2001	75778	6567796	8959	1225096
10	0	2002	75924	6688597	9122	1257001
10	0	2003	76718	6801311	9190	1288619
10	0	2004	76627	6952590	9405	1327065
10	0	2005	77916	7104697	9620	1369049
10	0	2006	77732	7211749	9667	1408052
10	0	2007	76789	7277423	9818	1434873
10	0	2008	78161	7320071	9820	1458736
10	0	2009	77926	7354237	9751	1477649
10	1	1990	54992	5681402	6473	936981
10	1	1991	55863	5805270	6483	972765
10	1	1992	58129	5898145	6643	1007336
10	1	1993	61332	5996426	7162	1040312
10	1	1994	62308	6108168	7213	1076503
10	1	1995	64181	6212436	7677	1110512
10	1	1996	65147	6320722	7562	1145426
10	1	1997	66544	6433051	7611	1184627
10	1	1998	68824	6537641	7864	1220266
10	1	1999	71673	6629027	8185	1255363
10	1	2000	71731	6729210	8280	1285979
10	1	2001	73035	6831852	8688	1319691
10	1	2002	73178	6944275	8717	1354418
10	1	2003	73041	7043571	8740	1386096
10	1	2004	73295	7178494	8674	1425677
10	1	2005	73195	7316740	8889	1469244
10	1	2006	72417	7407037	9088	1508326
10	1	2007	71401	7457597	8846	1533213
10	1	2008	72573	7495003	8852	1556795
10	1	2009	71875	7522636	8975	1574840
11	0	1990	19461	2293868	7783	824000
11	0	1991	19729	2335119	8157	849380
11	0	1992	19567	2385532	7958	877933
11	0	1993	20542	2431807	8415	907273
11	0	1994	20788	2484327	8450	939865
11	0	1995	20884	2535340	8642	970219
11	0	1996	21174	2585697	8478	1001827
11	0	1997	21109	2641081	8390	1035949
11	0	1998	21720	2693836	8195	1069406
11	0	1999	22108	2747297	8552	1104549
11	0	2000	22634	2801013	8615	1137403
11	0	2001	22851	2858378	8645	1168419
11	0	2002	23220	2905044	8818	1193797
11	0	2003	23540	2939974	8771	1216906
11	0	2004	23465	2996372	8957	1249933
11	0	2005	23821	3042591	8950	1277923
11	0	2006	24236	3104491	9280	1325312
11	0	2007	24465	3155757	9447	1361284
11	0	2008	24734	3200290	9537	1394721
11	0	2009	25070	3234683	9395	1422004
11	1	1990	17601	2365510	6800	939068
11	1	1991	17865	2404635	6889	966288
11	1	1992	18303	2450179	6981	996260
11	1	1993	19527	2492198	7421	1029198
11	1	1994	19853	2538779	7252	1064461
11	1	1995	20825	2583605	7811	1096739
11	1	1996	21037	2627454	7785	1130977
11	1	1997	21679	2673041	7858	1166700
11	1	1998	22020	2714797	8138	1202591
11	1	1999	22773	2756311	8227	1239075
11	1	2000	23627	2797529	8569	1272595
11	1	2001	23947	2850282	8595	1305360
11	1	2002	24035	2897922	8910	1336738
11	1	2003	24608	2945519	9063	1367399
11	1	2004	24193	2987978	8740	1399249
11	1	2005	24270	3042896	9081	1437711
11	1	2006	24444	3097336	9136	1488300
11	1	2007	24652	3153758	9142	1532692
11	1	2008	25390	3192449	9460	1566006
11	1	2009	25171	3221000	9413	1594705
12	0	1990	1135	169325	0	16930
12	0	1991	1182	177519	0	18058
12	0	1992	1199	179687	0	19546
12	0	1993	1276	175152	0	19048
12	0	1994	1225	169546	0	19288
12	0	1995	1247	162847	10	19242
12	0	1996	1309	155668	0	19173
12	0	1997	1210	152048	0	18971
12	0	1998	1251	153600	0	18993
12	0	1999	1273	156121	0	18295
12	0	2000	1283	158237	0	18405
12	0	2001	1250	160017	0	20368
12	0	2002	1293	161736	0	21849
12	0	2003	1424	163053	0	22256
12	0	2004	1408	164843	0	22423
12	0	2005	1452	167949	0	24322
12	0	2006	1454	169825	0	25485
12	0	2007	1550	169479	0	25134
12	0	2008	1533	171444	22	26542
12	0	2009	1619	172486	11	27674
12	1	1990	824	146275	0	10914
12	1	1991	856	152126	15	11834
12	1	1992	835	152968	0	13200
12	1	1993	843	150284	0	13565
12	1	1994	869	147391	0	14087
12	1	1995	879	144003	0	14209
12	1	1996	909	140475	0	13948
12	1	1997	900	139207	0	13828
12	1	1998	937	139779	0	13638
12	1	1999	968	139252	0	12866
12	1	2000	992	136146	0	12635
12	1	2001	1048	137182	0	14098
12	1	2002	1054	138567	0	15617
12	1	2003	1036	140437	0	16531
12	1	2004	1087	142647	0	17241
12	1	2005	1156	143825	0	18041
12	1	2006	1092	144944	0	18804
12	1	2007	1155	145823	0	18999
12	1	2008	1119	147019	0	19872
12	1	2009	1168	147825	0	20804
13	0	1990	4004	490077	0	2003
13	0	1991	3960	504265	0	2161
13	0	1992	4153	519618	0	2345
13	0	1993	4357	537933	0	2683
13	0	1994	4314	555846	0	2772
13	0	1995	4401	571499	0	3038
13	0	1996	4570	583960	0	3081
13	0	1997	4668	596369	0	3140
13	0	1998	4621	607646	0	3393
13	0	1999	4835	619156	0	3592
13	0	2000	4681	629603	0	4472
13	0	2001	4874	640062	0	5033
13	0	2002	4893	649418	0	5518
13	0	2003	5126	659588	0	6079
13	0	2004	4975	673163	0	6676
13	0	2005	5274	687991	0	7373
13	0	2006	5333	705537	0	8225
13	0	2007	5252	721657	0	8968
13	0	2008	5389	734304	0	9645
13	0	2009	5582	741656	0	10193
13	1	1990	3353	495074	0	1327
13	1	1991	3638	508907	0	1578
13	1	1992	3602	522777	0	1730
13	1	1993	3884	540006	0	1951
13	1	1994	3995	557611	0	2054
13	1	1995	3968	572560	0	2215
13	1	1996	3996	584689	0	2285
13	1	1997	4164	596168	0	2248
13	1	1998	4361	606693	0	2514
13	1	1999	4595	616853	0	2651
13	1	2000	4682	626182	0	3284
13	1	2001	4677	634891	0	3887
13	1	2002	4815	644457	0	4431
13	1	2003	5046	653783	0	4987
13	1	2004	4869	665182	0	5604
13	1	2005	5065	681102	0	6293
13	1	2006	5079	698661	0	6990
13	1	2007	5344	713816	0	7697
13	1	2008	5312	726543	0	8453
13	1	2009	5250	735077	0	9045
14	0	1990	43130	4604864	8918	801003
14	0	1991	43264	4645007	9109	813465
14	0	1992	42389	4687534	9077	828403
14	0	1993	44103	4722970	9566	843242
14	0	1994	44132	4758015	9316	855765
14	0	1995	44343	4791099	9389	867793
14	0	1996	42809	4824707	9048	876117
14	0	1997	41690	4851609	8502	884801
14	0	1998	42041	4881104	8581	893216
14	0	1999	43251	4906281	8783	902429
14	0	2000	42421	4931650	8402	909313
14	0	2001	41771	4959285	8379	912604
14	0	2002	42469	4977657	8377	913855
14	0	2003	41514	4991727	8508	913416
14	0	2004	40730	5012882	7946	916721
14	0	2005	41029	5022813	8182	918147
14	0	2006	40476	5037123	8221	920354
14	0	2007	39562	5059250	8204	922159
14	0	2008	41326	5083345	7957	925701
14	0	2009	40147	5106249	7808	930442
14	1	1990	43271	4817416	7132	910995
14	1	1991	43855	4848682	7296	926073
14	1	1992	42914	4882557	7055	942506
14	1	1993	45132	4913628	7672	958225
14	1	1994	45480	4938766	7629	971019
14	1	1995	45987	4961701	7887	982134
14	1	1996	45667	4983927	7676	992696
14	1	1997	44401	5004105	7410	1002696
14	1	1998	45360	5024408	7557	1010763
14	1	1999	47322	5045484	8058	1020831
14	1	2000	46876	5060421	7886	1028193
14	1	2001	46117	5078246	7982	1031525
14	1	2002	46525	5089958	8054	1033290
14	1	2003	46207	5099312	7917	1034251
14	1	2004	44841	5105861	7969	1035074
14	1	2005	45624	5109116	7802	1034978
14	1	2006	44589	5117719	7556	1036782
14	1	2007	43767	5135436	7615	1038941
14	1	2008	45161	5152572	7572	1041916
14	1	2009	43156	5171590	7377	1045986
15	0	1990	23135	2465555	2012	204783
15	0	1991	22902	2491039	2127	209355
15	0	1992	23012	2515904	2162	215043
15	0	1993	23882	2543777	2180	220646
15	0	1994	23673	2565877	2256	226216
15	0	1995	23931	2590452	2273	231370
15	0	1996	23703	2614223	2201	235492
15	0	1997	23761	2633824	2173	241870
15	0	1998	23804	2651316	2294	246615
15	0	1999	24223	2670936	2298	251422
15	0	2000	24647	2688028	2185	256723
15	0	2001	24467	2699443	2361	261194
15	0	2002	24380	2706794	2280	264643
15	0	2003	24756	2718524	2395	268705
15	0	2004	23982	2730185	2251	273050
15	0	2005	24642	2743864	2315	277806
15	0	2006	24925	2761148	2392	282981
15	0	2007	24149	2777775	2192	287729
15	0	2008	25484	2793249	2293	292129
15	0	2009	25259	2804634	2225	296157
15	1	1990	22621	2606713	1711	230556
15	1	1991	23092	2628772	1933	235188
15	1	1992	22810	2648727	1860	240534
15	1	1993	24196	2671801	1930	245525
15	1	1994	24456	2690664	1941	250588
15	1	1995	24926	2710704	2035	255500
15	1	1996	24832	2728981	2106	259819
15	1	1997	25159	2744098	1889	264853
15	1	1998	25086	2757049	2156	269789
15	1	1999	26499	2768991	2098	273749
15	1	2000	26401	2780580	2090	278610
15	1	2001	26194	2789568	2034	283068
15	1	2002	26458	2794853	2125	286877
15	1	2003	26441	2803491	2165	290860
15	1	2004	25758	2811608	2006	294946
15	1	2005	26370	2822763	2145	299357
15	1	2006	26109	2837844	2032	305219
15	1	2007	25435	2851732	2103	310115
15	1	2008	26650	2865003	2088	314790
15	1	2009	26125	2875471	2138	319167
16	0	1990	13159	1306847	141	24193
16	0	1991	13268	1314770	163	25182
16	0	1992	12964	1325088	126	26301
16	0	1993	13318	1334220	144	27363
16	0	1994	13486	1340685	167	28491
16	0	1995	13291	1348467	204	29352
16	0	1996	13080	1354823	164	30400
16	0	1997	13192	1360248	149	31288
16	0	1998	13275	1365708	172	32450
16	0	1999	13152	1372916	166	33795
16	0	2000	13083	1374723	176	36675
16	0	2001	12803	1374662	188	37684
16	0	2002	13026	1374537	163	38825
16	0	2003	12997	1375380	187	39765
16	0	2004	12610	1378027	164	41037
16	0	2005	13014	1381120	203	42376
16	0	2006	12643	1386642	199	44047
16	0	2007	12684	1392301	187	45857
16	0	2008	13349	1397844	207	47791
16	0	2009	12899	1402759	214	49355
16	1	1990	13316	1393905	123	24069
16	1	1991	13681	1398989	90	24957
16	1	1992	13236	1405758	106	25908
16	1	1993	14227	1411299	128	26818
16	1	1994	13747	1415024	130	27648
16	1	1995	14236	1420536	125	28302
16	1	1996	14288	1423624	126	29119
16	1	1997	14065	1426677	125	29799
16	1	1998	14577	1430143	164	30723
16	1	1999	14770	1433552	151	31496
16	1	2000	14492	1431842	152	33866
16	1	2001	14460	1429800	138	34918
16	1	2002	14477	1426172	143	35757
16	1	2003	14543	1424881	167	36823
16	1	2004	13758	1426318	156	37977
16	1	2005	14290	1426754	128	39452
16	1	2006	14173	1430856	144	41141
16	1	2007	13975	1433919	171	42946
16	1	2008	14565	1437617	198	44829
16	1	2009	14062	1441026	164	46318
17	0	1990	10531	1117106	575	72633
17	0	1991	10612	1125839	617	73440
17	0	1992	10274	1139306	622	76227
17	0	1993	10927	1150357	633	76918
17	0	1994	10661	1160929	658	77768
17	0	1995	10929	1169922	680	78385
17	0	1996	10907	1174662	649	78445
17	0	1997	10977	1183648	622	79227
17	0	1998	10892	1193975	653	81170
17	0	1999	10994	1200915	609	82831
17	0	2000	10976	1204328	636	84633
17	0	2001	10998	1207719	655	85377
17	0	2002	11091	1210932	654	86254
17	0	2003	10874	1212863	619	86863
17	0	2004	10530	1216032	646	87951
17	0	2005	11019	1219972	686	88579
17	0	2006	10845	1226950	685	90648
17	0	2007	11005	1233820	630	91778
17	0	2008	11296	1243198	646	94535
17	0	2009	10909	1251075	640	95935
17	1	1990	10517	1165093	470	72048
17	1	1991	10570	1170315	492	73110
17	1	1992	10614	1182805	489	75466
17	1	1993	11315	1192517	551	76247
17	1	1994	11292	1200471	507	77395
17	1	1995	11613	1207882	524	78190
17	1	1996	11530	1213831	581	78571
17	1	1997	11382	1221585	514	79330
17	1	1998	11713	1229638	531	81006
17	1	1999	12064	1234248	553	82123
17	1	2000	12272	1236295	592	83433
17	1	2001	12154	1237485	581	84296
17	1	2002	12379	1240514	626	85465
17	1	2003	12188	1244072	596	86063
17	1	2004	11767	1245690	594	86867
17	1	2005	12009	1249461	564	87422
17	1	2006	11992	1251472	613	88742
17	1	2007	11889	1259483	564	90386
17	1	2008	11977	1264650	583	92154
17	1	2009	11492	1272285	560	93716
18	0	1990	16953	1652885	1330	125963
18	0	1991	17052	1665425	1364	127178
18	0	1992	16999	1685665	1269	129477
18	0	1993	17595	1706561	1336	131411
18	0	1994	17555	1722880	1371	133805
18	0	1995	17675	1740184	1383	135798
18	0	1996	17585	1753523	1297	137886
18	0	1997	17845	1767998	1330	140784
18	0	1998	17419	1781569	1263	144231
18	0	1999	18110	1796038	1292	147415
18	0	2000	18086	1806657	1313	150789
18	0	2001	18207	1814802	1325	153467
18	0	2002	18820	1823028	1279	155131
18	0	2003	18511	1832513	1325	156124
18	0	2004	17839	1846392	1273	160709
18	0	2005	18643	1860170	1296	163370
18	0	2006	18647	1873829	1362	165283
18	0	2007	18598	1890214	1345	168822
18	0	2008	19275	1900079	1297	170544
18	0	2009	19152	1911320	1359	174448
18	1	1990	15485	1754251	1229	138508
18	1	1991	15628	1766450	1195	139971
18	1	1992	15491	1783705	1186	142370
18	1	1993	16639	1804204	1216	143900
18	1	1994	16849	1818839	1296	145871
18	1	1995	16765	1834170	1275	148002
18	1	1996	17011	1846500	1281	149989
18	1	1997	17404	1858607	1325	152036
18	1	1998	17733	1870314	1336	153919
18	1	1999	18478	1880797	1349	156229
18	1	2000	18639	1889095	1368	158366
18	1	2001	18941	1894565	1278	160196
18	1	2002	19095	1902742	1388	162171
18	1	2003	18941	1915676	1343	164020
18	1	2004	18160	1922024	1247	166034
18	1	2005	18881	1934820	1264	168582
18	1	2006	18635	1951681	1307	171166
18	1	2007	18676	1963802	1316	173772
18	1	2008	19392	1978922	1215	176810
18	1	2009	19394	1985268	1307	179176
19	0	1990	13180	1395277	6530	606701
19	0	1991	13599	1401472	6639	616876
19	0	1992	13255	1408298	6513	629051
19	0	1993	13661	1407510	6930	639559
19	0	1994	13520	1412672	6554	649557
19	0	1995	13658	1417950	6721	659210
19	0	1996	13659	1418775	6603	666942
19	0	1997	13711	1422532	6509	674131
19	0	1998	13479	1425433	6701	681410
19	0	1999	14030	1428404	6520	687824
19	0	2000	13826	1426363	6543	692209
19	0	2001	14070	1422842	6628	692304
19	0	2002	14237	1423298	6624	694685
19	0	2003	14394	1423644	6758	696825
19	0	2004	14165	1428923	6945	700484
19	0	2005	14932	1399746	7115	668931
19	0	2006	14032	1378991	6241	636374
19	0	2007	13919	1415581	6162	664692
19	0	2008	14522	1432211	6196	681255
19	0	2009	14189	1443382	6250	690226
19	1	1990	12232	1463909	5486	696115
19	1	1991	12421	1467460	5488	704943
19	1	1992	12309	1473522	5463	716870
19	1	1993	13017	1474841	5854	726780
19	1	1994	13010	1477493	5770	737076
19	1	1995	13376	1481105	5814	746689
19	1	1996	13436	1481746	5718	754581
19	1	1997	13659	1483893	5934	761558
19	1	1998	13799	1485802	6159	766946
19	1	1999	14335	1487157	6177	773609
19	1	2000	14330	1483953	6220	777652
19	1	2001	14461	1478527	6369	777200
19	1	2002	14571	1477135	6302	778825
19	1	2003	14846	1478447	6439	781600
19	1	2004	14634	1478453	6213	784965
19	1	2005	15327	1447302	6715	747324
19	1	2006	13729	1424935	5779	707466
19	1	2007	14007	1459094	5619	739651
19	1	2008	14353	1476611	5845	760606
19	1	2009	13813	1484645	5734	769908
20	0	1990	5549	590505	0	3099
20	0	1991	5592	593083	0	3140
20	0	1992	5526	593068	0	3074
20	0	1993	5681	594887	0	3071
20	0	1994	5662	594341	0	2973
20	0	1995	5778	594380	0	3189
20	0	1996	5652	596987	0	3410
20	0	1997	5768	598973	0	3747
20	0	1998	5852	600295	0	4191
20	0	1999	5725	603880	0	4365
20	0	2000	5804	607854	0	5097
20	0	2001	5850	611048	0	5637
20	0	2002	6112	614963	0	6232
20	0	2003	5929	619061	0	7041
20	0	2004	5803	621091	0	7557
20	0	2005	6226	622016	0	8158
20	0	2006	6013	623309	0	8742
20	0	2007	6102	623667	0	9196
20	0	2008	6092	624062	0	9704
20	0	2009	6093	622832	0	10033
20	1	1990	5483	623503	0	2012
20	1	1991	5553	625808	0	2106
20	1	1992	5559	626500	0	2210
20	1	1993	5910	628137	0	2242
20	1	1994	5918	628904	0	2215
20	1	1995	5912	628882	0	2373
20	1	1996	6036	631072	0	2591
20	1	1997	6166	633549	0	2894
20	1	1998	6171	634961	0	3241
20	1	1999	6416	638096	0	3180
20	1	2000	6414	642035	0	3765
20	1	2001	6425	644861	0	4220
20	1	2002	6453	648351	0	4688
20	1	2003	6470	651308	0	5288
20	1	2004	6490	652941	0	5833
20	1	2005	6526	653637	0	6310
20	1	2006	6147	654196	0	6799
20	1	2007	6241	655018	0	7226
20	1	2008	6302	655519	0	7633
20	1	2009	6342	654338	0	7918
21	0	1990	14390	1684120	5137	567355
21	0	1991	14243	1695434	5382	583446
21	0	1992	14293	1702609	5496	598656
21	0	1993	14688	1705174	5847	613449
21	0	1994	14629	1709177	5906	628900
21	0	1995	14862	1713270	6212	643413
21	0	1996	14890	1712379	6133	658841
21	0	1997	14603	1713678	5895	673255
21	0	1998	14538	1715889	5885	688304
21	0	1999	14922	1719420	5953	703204
21	0	2000	15010	1728626	5883	714928
21	0	2001	15104	1742191	6018	727477
21	0	2002	15101	1755661	5981	739759
21	0	2003	15435	1766822	6130	752060
21	0	2004	14802	1772816	6104	763278
21	0	2005	15024	1777736	6126	774370
21	0	2006	14759	1779619	6058	784919
21	0	2007	15058	1780283	6123	793344
21	0	2008	15198	1782432	6152	800345
21	0	2009	15040	1789244	6119	809212
21	1	1990	14497	1755746	4021	635992
21	1	1991	14311	1767517	4102	655112
21	1	1992	14496	1776319	4239	671727
21	1	1993	14934	1778763	4456	689937
21	1	1994	15286	1782495	4616	708856
21	1	1995	15538	1783772	4766	728398
21	1	1996	15560	1783129	4932	747297
21	1	1997	15805	1784598	4990	765413
21	1	1998	15943	1788015	5137	783692
21	1	1999	16302	1792223	5325	800328
21	1	2000	16712	1800679	5501	814615
21	1	2001	16547	1813631	5559	829566
21	1	2002	16514	1826794	5757	844649
21	1	2003	16536	1836276	5721	857877
21	1	2004	15979	1841211	5635	871105
21	1	2005	16272	1842570	5704	882860
21	1	2006	16129	1839882	5802	893365
21	1	2007	16051	1836111	5752	901065
21	1	2008	15952	1836215	5771	907251
21	1	2009	15999	1841024	5817	917265
22	0	1990	24360	2653833	1038	158551
22	0	1991	24221	2642465	1074	162900
22	0	1992	24791	2639745	1086	167652
22	0	1993	25123	2645842	1130	172532
22	0	1994	24832	2655450	1145	176169
22	0	1995	24691	2670358	1194	179480
22	0	1996	24757	2680472	1098	182988
22	0	1997	24081	2691058	1071	188838
22	0	1998	24370	2701280	1035	194758
22	0	1999	24684	2711096	1064	200746
22	0	2000	24798	2720833	1093	206184
22	0	2001	24505	2735330	1151	211207
22	0	2002	24973	2743622	1190	216170
22	0	2003	24602	2743410	1227	220050
22	0	2004	23866	2738161	1218	223155
22	0	2005	23603	2734006	1171	226619
22	0	2006	23359	2735424	1173	230931
22	0	2007	23437	2745673	1160	235441
22	0	2008	23605	2760101	1174	239913
22	0	2009	23175	2776999	1164	244431
22	1	1990	26547	2879796	865	169790
22	1	1991	26587	2867032	850	174665
22	1	1992	26754	2860240	892	179616
22	1	1993	28098	2864487	847	184769
22	1	1994	27601	2871566	954	188903
22	1	1995	28141	2884369	963	192764
22	1	1996	28055	2892540	937	197488
22	1	1997	28072	2902233	979	204092
22	1	1998	28387	2912615	950	210314
22	1	1999	28605	2921658	978	216145
22	1	2000	29228	2931196	1021	221796
22	1	2001	29415	2940518	1088	226844
22	1	2002	29057	2941083	1108	230694
22	1	2003	28636	2935801	1154	233781
22	1	2004	27783	2926067	1010	236096
22	1	2005	27328	2917044	1119	238721
22	1	2006	27132	2912308	1074	242127
22	1	2007	26563	2917842	1056	245925
22	1	2008	26885	2928458	1055	249911
22	1	2009	26069	2940746	1118	254227
23	0	1990	33761	3831975	6570	608626
23	0	1991	34148	3863618	6635	620696
23	0	1992	33735	3893291	6531	631463
23	0	1993	34738	3914314	6876	642181
23	0	1994	34606	3933613	6986	651331
23	0	1995	34782	3961560	6905	660966
23	0	1996	34793	3992390	6540	668453
23	0	1997	34666	4009557	6335	675163
23	0	1998	35259	4021080	6431	681431
23	0	1999	35680	4034851	6618	688403
23	0	2000	35600	4050577	6362	696060
23	0	2001	35560	4069738	6369	700462
23	0	2002	35967	4081599	6541	702884
23	0	2003	35646	4091930	6332	703933
23	0	2004	34914	4099463	6226	704316
23	0	2005	35416	4099111	6372	704310
23	0	2006	35424	4094175	6373	704069
23	0	2007	35999	4079412	6400	700500
23	0	2008	36557	4057448	6331	696032
23	0	2009	36315	4042252	6206	692790
23	1	1990	32648	4012196	5192	694021
23	1	1991	33290	4038707	5364	704686
23	1	1992	32815	4061264	5365	713708
23	1	1993	34609	4074542	5670	722692
23	1	1994	35081	4086900	5635	731632
23	1	1995	35562	4107272	5735	740856
23	1	1996	35984	4131188	5547	748136
23	1	1997	35828	4141260	5744	753308
23	1	1998	37069	4144993	5713	760082
23	1	1999	38117	4152047	6097	766679
23	1	2000	38213	4164902	6058	772285
23	1	2001	37686	4177302	6025	776650
23	1	2002	38337	4183520	6184	778600
23	1	2003	38041	4187863	5916	779826
23	1	2004	37323	4192437	5876	781906
23	1	2005	38308	4187027	5925	781043
23	1	2006	37477	4178321	5860	780349
23	1	2007	37511	4163656	5939	777593
23	1	2008	38688	4142718	6020	773465
23	1	2009	37251	4126652	5764	771043
24	0	1990	16997	2039952	311	50003
24	0	1991	17446	2060604	288	52920
24	0	1992	17028	2081492	258	57348
24	0	1993	17604	2105181	339	61765
24	0	1994	17611	2125156	367	66206
24	0	1995	17834	2143238	362	70858
24	0	1996	17716	2162784	351	75479
24	0	1997	17434	2179452	352	80754
24	0	1998	17181	2194215	394	87243
24	0	1999	17892	2214981	395	94244
24	0	2000	17332	2233598	395	101284
24	0	2001	17444	2250310	434	106524
24	0	2002	17763	2261034	432	110901
24	0	2003	17364	2270797	399	115528
24	0	2004	17072	2279380	436	120084
24	0	2005	17220	2286114	482	124342
24	0	2006	17011	2298040	484	130099
24	0	2007	17122	2310611	582	135496
24	0	2008	17550	2323333	521	139577
24	0	2009	17573	2335588	510	142781
24	1	1990	16810	2123516	137	46860
24	1	1991	16935	2142021	162	49658
24	1	1992	17052	2158547	173	53752
24	1	1993	17794	2179075	196	57992
24	1	1994	17818	2196314	199	62838
24	1	1995	18486	2210413	190	67226
24	1	1996	18292	2227192	233	71630
24	1	1997	18245	2241242	247	76458
24	1	1998	18708	2254409	228	81970
24	1	1999	19326	2269961	256	88181
24	1	2000	18989	2284904	264	94851
24	1	2001	18823	2299673	280	99153
24	1	2002	19298	2308024	287	103043
24	1	2003	18814	2313997	302	106650
24	1	2004	18419	2321220	328	110738
24	1	2005	18688	2326617	340	114488
24	1	2006	18309	2336958	365	119435
24	1	2007	18226	2348516	350	124280
24	1	2008	19107	2359939	395	128053
24	1	2009	18414	2371345	332	130544
25	0	1990	8558	799066	4760	425261
25	0	1991	8567	802373	4827	432035
25	0	1992	8680	807374	4640	439498
25	0	1993	8986	815576	4904	447764
25	0	1994	8790	824894	4873	455379
25	0	1995	9222	834145	4872	462782
25	0	1996	8970	840756	4694	468725
25	0	1997	9150	849400	4812	474505
25	0	1998	9328	856655	4783	480782
25	0	1999	9434	863770	4740	486114
25	0	2000	9479	870349	4604	489193
25	0	2001	9271	871363	4615	491552
25	0	2002	9438	872435	4761	493004
25	0	2003	9457	874249	4690	495422
25	0	2004	9517	878148	4526	499829
25	0	2005	9737	871412	4820	500438
25	0	2006	9530	876009	4839	507624
25	0	2007	9551	881637	4832	514107
25	0	2008	9685	884699	4773	519130
25	0	2009	9647	886575	4661	522557
25	1	1990	7619	841250	4116	492876
25	1	1991	7936	844668	4257	499057
25	1	1992	7798	848593	4050	506996
25	1	1993	8094	854953	4316	514130
25	1	1994	8495	863729	4505	521690
25	1	1995	8575	871716	4257	529583
25	1	1996	8602	877314	4304	535588
25	1	1997	8966	884426	4444	541734
25	1	1998	9087	892044	4531	547341
25	1	1999	9320	897065	4570	552139
25	1	2000	9808	900840	4629	554392
25	1	2001	9591	900543	4637	555342
25	1	2002	9786	900832	4715	556555
25	1	2003	9685	902454	4519	558370
25	1	2004	9260	906743	4413	562449
25	1	2005	9890	898945	4562	562790
25	1	2006	9460	902236	4559	570345
25	1	2007	9334	907327	4366	576145
25	1	2008	9805	909669	4551	582591
25	1	2009	9355	912003	4410	585552
26	0	1990	22512	2184264	2857	256198
26	0	1991	22753	2200917	2953	260443
26	0	1992	22655	2219418	2989	265801
26	0	1993	23810	2240501	2994	271309
26	0	1994	23472	2260931	3052	276936
26	0	1995	23840	2283399	2918	281569
26	0	1996	23345	2304451	2768	287125
26	0	1997	23527	2323343	2873	292627
26	0	1998	23598	2338130	2896	297139
26	0	1999	23879	2354682	2952	300905
26	0	2000	23299	2369232	2860	306351
26	0	2001	23367	2383657	2832	309843
26	0	2002	24101	2398096	2876	313161
26	0	2003	23688	2411023	2808	315955
26	0	2004	23217	2429516	2840	319155
26	0	2005	23706	2448488	2881	322721
26	0	2006	23506	2470216	2928	326675
26	0	2007	23590	2490799	2852	329789
26	0	2008	24885	2509353	2809	332953
26	0	2009	24087	2521239	2618	336012
26	1	1990	22398	2331949	2419	295416
26	1	1991	22458	2345446	2562	300080
26	1	1992	22748	2358984	2438	304947
26	1	1993	24168	2376783	2608	310970
26	1	1994	24567	2395181	2521	316465
26	1	1995	24826	2413529	2616	321448
26	1	1996	24945	2430701	2656	326286
26	1	1997	24979	2446579	2715	331848
26	1	1998	25535	2459251	2794	336638
26	1	1999	26032	2470291	2820	341114
26	1	2000	25828	2480189	2659	345959
26	1	2001	25833	2492549	2698	349718
26	1	2002	25899	2504313	2782	352960
26	1	2003	25902	2515811	2893	355918
26	1	2004	24841	2529402	2742	359834
26	1	2005	25052	2546651	2698	363628
26	1	2006	25092	2567004	2818	367879
26	1	2007	24581	2584564	2777	370631
26	1	2008	26027	2602035	2606	374122
26	1	2009	24744	2611885	2547	376989
27	0	1990	3400	369835	0	1326
27	0	1991	3537	374219	0	1367
27	0	1992	3572	382102	0	1381
27	0	1993	3761	391417	0	1492
27	0	1994	3761	398932	0	1540
27	0	1995	3744	405852	0	1664
27	0	1996	3860	410248	0	1742
27	0	1997	3845	411219	0	1751
27	0	1998	3959	411821	0	1837
27	0	1999	3821	413721	0	1897
27	0	2000	3949	415285	0	2412
27	0	2001	3985	415914	0	2758
27	0	2002	3913	417525	0	3050
27	0	2003	4067	420522	0	3309
27	0	2004	3785	424361	0	3644
27	0	2005	4078	428414	0	3887
27	0	2006	3975	433809	0	4221
27	0	2007	4093	438860	0	4508
27	0	2008	4228	443518	0	4771
27	0	2009	4137	446009	0	5108
27	1	1990	3085	376577	0	874
27	1	1991	3095	380183	0	902
27	1	1992	3133	387467	0	940
27	1	1993	3332	395873	0	1056
27	1	1994	3225	403162	0	1126
27	1	1995	3480	409976	0	1105
27	1	1996	3473	413922	0	1187
27	1	1997	3559	415399	0	1159
27	1	1998	3628	415843	0	1197
27	1	1999	3809	417059	0	1213
27	1	2000	3711	418046	0	1676
27	1	2001	3822	418349	0	1961
27	1	2002	4086	419490	0	2184
27	1	2003	3909	421861	0	2495
27	1	2004	3807	425362	0	2777
27	1	2005	3958	428570	0	3019
27	1	2006	3940	433010	0	3338
27	1	2007	4015	437337	0	3647
27	1	2008	4127	441816	0	3934
27	1	2009	4030	444532	0	4204
28	0	1990	7260	731270	167	28209
28	0	1991	7028	738403	189	28703
28	0	1992	6954	745311	182	29496
28	0	1993	7294	750965	198	30154
28	0	1994	7195	756947	187	31061
28	0	1995	7122	764789	209	31760
28	0	1996	7140	772275	211	32605
28	0	1997	7170	777820	238	33622
28	0	1998	6971	781843	173	34517
28	0	1999	7128	785277	189	35543
28	0	2000	6864	787054	201	37026
28	0	2001	6835	788667	235	38003
28	0	2002	7195	791197	207	38720
28	0	2003	7019	794374	263	39718
28	0	2004	6807	797934	214	40524
28	0	2005	6890	801680	216	41387
28	0	2006	6859	804555	203	42551
28	0	2007	6899	807649	246	43261
28	0	2008	7099	812370	226	44694
28	0	2009	6775	818377	231	45881
28	1	1990	7001	768023	137	29652
28	1	1991	7165	773345	147	30289
28	1	1992	7152	779198	156	30854
28	1	1993	7197	784452	168	31251
28	1	1994	7278	788970	152	32175
28	1	1995	7531	795284	170	33053
28	1	1996	7720	800807	194	33999
28	1	1997	7471	804716	181	35075
28	1	1998	7595	807425	211	35877
28	1	1999	7818	809461	201	36481
28	1	2000	7494	809481	207	37750
28	1	2001	7703	809436	196	38525
28	1	2002	7909	811052	207	39165
28	1	2003	7776	813238	204	39825
28	1	2004	7206	815038	214	40623
28	1	2005	7402	817953	212	41237
28	1	2006	7363	820203	204	42145
28	1	2007	7620	823304	271	43039
28	1	2008	7699	826562	230	44012
28	1	2009	7334	831572	217	44946
29	0	1990	4936	550837	295	41506
29	0	1991	5255	583173	305	44758
29	0	1992	5512	606036	345	47495
29	0	1993	5838	630706	318	49774
29	0	1994	6167	668560	409	53707
29	0	1995	6559	703606	422	57110
29	0	1996	6828	739547	457	60172
29	0	1997	6814	780331	404	64753
29	0	1998	7173	816824	515	69388
29	0	1999	7600	849671	462	73172
29	0	2000	7661	883147	487	76642
29	0	2001	8014	911530	562	81099
29	0	2002	8165	937360	600	85331
29	0	2003	8752	963526	640	89505
29	0	2004	8729	998917	661	94976
29	0	2005	9234	1029073	756	100386
29	0	2006	9172	1060038	736	106470
29	0	2007	9105	1086486	742	111484
29	0	2008	9337	1103575	778	115195
29	0	2009	9304	1112074	770	117569
29	1	1990	3667	526660	181	39961
29	1	1991	3908	557512	194	43240
29	1	1992	3927	579533	188	46063
29	1	1993	4502	603585	212	48546
29	1	1994	4729	638235	267	52825
29	1	1995	4884	670961	274	56333
29	1	1996	5208	705442	283	59701
29	1	1997	5395	744274	335	63304
29	1	1998	6000	778195	325	67252
29	1	1999	6066	808081	406	70681
29	1	2000	6240	838337	372	74575
29	1	2001	6667	865950	464	79481
29	1	2002	7001	891703	487	84105
29	1	2003	7285	917127	483	88137
29	1	2004	7296	949103	513	94085
29	1	2005	7655	974175	540	100025
29	1	2006	7542	1001016	580	106379
29	1	2007	7406	1025178	593	111743
29	1	2008	7682	1039200	608	115477
29	1	2009	7654	1047408	587	118058
30	0	1990	4296	535407	0	4101
30	0	1991	4154	533510	0	3721
30	0	1992	4154	537473	0	3818
30	0	1993	4239	543178	0	3911
30	0	1994	4325	549405	0	4329
30	0	1995	4453	556313	0	4472
30	0	1996	4528	563994	0	4820
30	0	1997	4491	570967	0	5006
30	0	1998	4586	578144	0	5255
30	0	1999	4530	585238	0	5806
30	0	2000	4642	592937	0	6438
30	0	2001	4671	599671	0	7086
30	0	2002	4708	605744	0	7649
30	0	2003	4635	610396	0	8234
30	0	2004	4808	614428	0	8639
30	0	2005	4862	617540	0	9249
30	0	2006	4811	621847	0	9859
30	0	2007	4892	623531	0	10323
30	0	2008	5047	625116	0	10753
30	0	2009	4960	625571	0	11191
30	1	1990	4134	558108	0	3249
30	1	1991	4180	557938	0	3024
30	1	1992	4330	561002	0	3167
30	1	1993	4521	565970	0	3350
30	1	1994	4542	572043	0	3536
30	1	1995	4693	578665	0	3683
30	1	1996	4757	586132	0	4005
30	1	1997	4884	592610	0	4240
30	1	1998	4850	600295	0	4380
30	1	1999	4915	606762	0	4759
30	1	2000	4936	614314	0	5216
30	1	2001	5006	620825	0	5841
30	1	2002	5042	626336	0	6291
30	1	2003	4952	629906	0	6839
30	1	2004	5196	634581	0	7426
30	1	2005	5235	637742	0	7894
30	1	2006	5136	641734	0	8455
30	1	2007	5305	643691	0	8851
30	1	2008	5112	644864	0	9285
30	1	2009	5020	645678	0	9648
31	0	1990	30099	3093816	4914	512420
31	0	1991	30122	3100592	5130	521182
31	0	1992	30412	3113473	5178	531683
31	0	1993	30508	3127471	5495	540047
31	0	1994	30434	3142523	5381	548123
31	0	1995	30633	3160469	5492	555257
31	0	1996	30208	3174645	5180	561605
31	0	1997	29654	3189005	4699	568337
31	0	1998	29385	3203952	4499	575676
31	0	1999	30122	3217379	4798	582178
31	0	2000	30339	3231317	4896	588329
31	0	2001	29978	3244981	4943	593973
31	0	2002	29544	3258286	4635	598919
31	0	2003	29320	3266639	4957	603011
31	0	2004	28420	3270475	4624	606528
31	0	2005	28686	3268539	4678	609233
31	0	2006	28380	3262738	4554	610618
31	0	2007	28057	3260774	4448	612689
31	0	2008	28072	3265258	4544	616452
31	0	2009	27509	3274720	4358	621479
31	1	1990	30550	3292352	4138	567940
31	1	1991	30449	3298195	4277	577721
31	1	1992	30581	3307059	4157	588421
31	1	1993	31603	3319423	4495	597773
31	1	1994	31370	3330395	4490	606927
31	1	1995	32451	3342928	4816	614902
31	1	1996	32437	3355199	4603	623286
31	1	1997	32606	3366382	4413	632213
31	1	1998	32474	3376789	4426	641482
31	1	1999	33581	3391812	4590	649064
31	1	2000	33889	3407249	4723	656117
31	1	2001	33830	3413123	4839	661403
31	1	2002	33827	3418300	4852	665623
31	1	2003	33486	3418309	4733	669286
31	1	2004	32462	3415043	4590	671438
31	1	2005	32414	3403856	4731	671378
31	1	2006	31468	3391468	4599	671863
31	1	2007	31311	3382456	4457	672999
31	1	2008	31470	3379126	4427	674728
31	1	2009	30611	3383652	4250	679831
32	0	1990	5248	658666	69	16534
32	0	1991	5560	671813	62	17594
32	0	1992	5555	687690	58	18593
32	0	1993	5667	704728	41	19234
32	0	1994	6068	724432	38	19768
32	0	1995	6040	741034	78	20303
32	0	1996	6142	753076	11	21038
32	0	1997	6129	760905	64	21701
32	0	1998	6141	766122	75	21855
32	0	1999	6515	769836	109	22033
32	0	2000	6383	771669	71	22475
32	0	2001	6678	773424	93	23839
32	0	2002	6910	780922	74	25492
32	0	2003	7005	788308	83	26976
32	0	2004	6794	797184	106	28631
32	0	2005	7111	807156	69	30028
32	0	2006	7266	817116	96	31742
32	0	2007	7420	827524	128	33161
32	0	2008	7510	833298	122	34591
32	0	2009	7400	842098	118	36573
32	1	1990	4431	678317	10	15003
32	1	1991	4682	690989	64	15822
32	1	1992	4626	707104	24	16878
32	1	1993	5028	724536	26	17737
32	1	1994	5023	744082	44	18478
32	1	1995	5378	760398	67	19091
32	1	1996	5295	773620	10	19585
32	1	1997	5433	783086	45	19931
32	1	1998	5619	788766	61	19794
32	1	1999	5902	793585	59	20058
32	1	2000	5822	795975	59	20479
32	1	2001	6113	795906	81	21779
32	1	2002	6139	802575	60	23145
32	1	2003	6451	808404	52	24535
32	1	2004	6171	815138	75	26077
32	1	2005	6470	823933	88	27484
32	1	2006	6692	834367	66	28953
32	1	2007	6576	843704	43	30577
32	1	2008	6902	849727	75	31932
32	1	2009	6702	856928	69	33719
33	0	1990	70888	6821839	13774	1424703
33	0	1991	69955	6834125	13669	1443180
33	0	1992	69572	6855389	13113	1464757
33	0	1993	70702	6879422	13809	1487070
33	0	1994	69420	6885166	13508	1505674
33	0	1995	68349	6884634	13310	1520817
33	0	1996	66251	6881717	12261	1533805
33	0	1997	63767	6880878	11193	1546831
33	0	1998	62394	6900077	10682	1561214
33	0	1999	63574	6917065	10890	1575076
33	0	2000	62586	6931240	10829	1588260
33	0	2001	62986	6960646	10787	1594537
33	0	2002	62418	6983561	10719	1598066
33	0	2003	60957	7008682	10634	1599874
33	0	2004	59601	7033198	10467	1600052
33	0	2005	59508	7043587	10437	1601519
33	0	2006	58886	7047572	10123	1603168
33	0	2007	58319	7069723	10211	1607043
33	0	2008	58861	7080026	9929	1611432
33	0	2009	58537	7097048	9959	1622953
33	1	1990	71391	7338075	11185	1650853
33	1	1991	70820	7334528	11297	1672561
33	1	1992	70394	7341785	11320	1694338
33	1	1993	72745	7350282	11761	1719245
33	1	1994	71685	7343884	11689	1742488
33	1	1995	72416	7328468	11742	1763372
33	1	1996	71737	7313610	11542	1780419
33	1	1997	69960	7300834	11031	1798279
33	1	1998	69854	7295150	11014	1817226
33	1	1999	71217	7318698	11364	1835692
33	1	2000	70441	7338401	11372	1852477
33	1	2001	70697	7353790	11618	1854566
33	1	2002	70415	7364657	11406	1855187
33	1	2003	69511	7376542	11274	1853565
33	1	2004	67617	7390357	11520	1851340
33	1	2005	67458	7384977	11369	1846741
33	1	2006	65323	7377731	10846	1843801
33	1	2007	64349	7386554	11004	1840765
33	1	2008	64998	7383532	10948	1840795
33	1	2009	63315	7387356	10659	1848832
34	0	1990	22671	2477707	7357	688886
34	0	1991	22905	2519893	7533	704619
34	0	1992	23180	2559163	7542	720174
34	0	1993	24369	2608779	7895	737219
34	0	1994	24264	2659693	7997	752858
34	0	1995	24995	2717865	7965	768900
34	0	1996	25394	2776297	8027	783804
34	0	1997	25194	2836068	7593	799610
34	0	1998	25897	2894317	7738	814365
34	0	1999	26083	2952586	7749	826729
34	0	2000	26925	3004362	7989	840382
34	0	2001	26679	3047309	7810	852280
34	0	2002	27251	3084757	7623	864268
34	0	2003	27771	3111073	7586	871252
34	0	2004	27554	3155231	7734	884359
34	0	2005	28215	3201806	7759	897070
34	0	2006	28481	3276764	8013	916657
34	0	2007	29056	3341434	8038	934833
34	0	2008	29565	3410077	8023	956296
34	0	2009	29976	3453554	7826	972101
34	1	1990	20745	2580906	6021	782487
34	1	1991	21578	2621122	6317	799548
34	1	1992	21794	2656221	6526	815833
34	1	1993	23001	2706648	6605	835373
34	1	1994	23370	2757708	6912	853007
34	1	1995	24288	2813087	7009	871061
34	1	1996	24949	2867510	7254	887831
34	1	1997	25380	2921104	7103	904218
34	1	1998	26084	2974478	7542	918648
34	1	1999	27335	3018281	7647	931896
34	1	2000	28467	3053249	7761	944013
34	1	2001	27811	3098889	7741	957830
34	1	2002	28643	3140656	7647	970945
34	1	2003	29385	3184153	7839	984613
34	1	2004	28410	3220784	7762	996176
34	1	2005	29592	3273471	8025	1012220
34	1	2006	29313	3342659	7889	1033403
34	1	2007	29890	3419971	8002	1057026
34	1	2008	30810	3478970	7817	1078178
34	1	2009	30345	3524924	7931	1096038
35	0	1990	2935	301757	0	2001
35	0	1991	2861	300542	0	1980
35	0	1992	2963	301593	0	1937
35	0	1993	2971	303059	0	1892
35	0	1994	2991	304533	0	1872
35	0	1995	3008	305858	0	1881
35	0	1996	2946	306508	0	2042
35	0	1997	2890	305963	0	2006
35	0	1998	2910	304109	0	2235
35	0	1999	2928	302033	0	2351
35	0	2000	2857	298966	0	2945
35	0	2001	2882	296192	0	3178
35	0	2002	2768	294455	0	3406
35	0	2003	2889	293797	0	3593
35	0	2004	2665	295448	0	4014
35	0	2005	2698	294379	0	4261
35	0	2006	2783	294744	0	4521
35	0	2007	2591	295004	0	4596
35	0	2008	2830	295938	0	4951
35	0	2009	2815	298153	0	5233
35	1	1990	2515	303898	0	1365
35	1	1991	2473	302295	0	1449
35	1	1992	2505	302839	0	1539
35	1	1993	2629	304038	0	1477
35	1	1994	2638	305426	0	1480
35	1	1995	2728	306432	0	1389
35	1	1996	2830	307027	0	1472
35	1	1997	2755	306407	0	1495
35	1	1998	2758	305021	0	1485
35	1	1999	2937	302966	0	1656
35	1	2000	2771	300287	0	2015
35	1	2001	2912	297152	0	2216
35	1	2002	2842	295130	0	2402
35	1	2003	2911	294004	0	2568
35	1	2004	2637	294251	0	2824
35	1	2005	2746	293205	0	3062
35	1	2006	2747	292708	0	3259
35	1	2007	2677	292841	0	3438
35	1	2008	2724	293757	0	3639
35	1	2009	2776	295596	0	3929
36	0	1990	43908	4636052	5644	543015
36	0	1991	44514	4664342	5774	555121
36	0	1992	43816	4693679	5645	569603
36	0	1993	45113	4717687	5822	582227
36	0	1994	45074	4732142	5884	593659
36	0	1995	45730	4749292	6100	603024
36	0	1996	45256	4759266	5971	613033
36	0	1997	45521	4767071	5798	622474
36	0	1998	45125	4774144	5634	631346
36	0	1999	45942	4779030	5844	638003
36	0	2000	45378	4782567	5889	646594
36	0	2001	45606	4792176	5794	653127
36	0	2002	46340	4798254	6046	659191
36	0	2003	45847	4805238	5861	664574
36	0	2004	44965	4809521	6188	668862
36	0	2005	46474	4809677	6137	673720
36	0	2006	45402	4812284	6185	679807
36	0	2007	45382	4820308	6119	686043
36	0	2008	46801	4819486	6253	689767
36	0	2009	46158	4822505	5998	693378
36	1	1990	44104	4952133	4995	620090
36	1	1991	44839	4974907	4833	632318
36	1	1992	44483	4996722	4969	644892
36	1	1993	46323	5014105	5240	656903
36	1	1994	46890	5023750	5203	667199
36	1	1995	48499	5032493	5371	676899
36	1	1996	48212	5035382	5514	686551
36	1	1997	48354	5037414	5417	695303
36	1	1998	49368	5041427	5503	702384
36	1	1999	50687	5037428	5736	709739
36	1	2000	50556	5035678	5972	717120
36	1	2001	50500	5039491	5778	723955
36	1	2002	51207	5039073	5800	729721
36	1	2003	51180	5038725	5912	734605
36	1	2004	48825	5038281	5995	739313
36	1	2005	50085	5032581	5984	743734
36	1	2006	49021	5030294	5820	748623
36	1	2007	48814	5032687	5755	754434
36	1	2008	50348	5027585	5898	758240
36	1	2009	48622	5026484	5876	761460
37	0	1990	13861	1274588	967	115028
37	0	1991	13689	1283798	1033	116901
37	0	1992	13895	1301752	1026	120552
37	0	1993	14714	1313457	1051	121994
37	0	1994	14597	1323801	1080	123470
37	0	1995	14889	1334251	1031	124815
37	0	1996	14666	1345180	1072	126977
37	0	1997	14924	1355783	1080	129462
37	0	1998	14889	1365937	1030	132792
37	0	1999	14919	1375751	1123	136433
37	0	2000	15020	1378407	1121	138505
37	0	2001	15033	1382564	995	140451
37	0	2002	15178	1390097	1113	142284
37	0	2003	15389	1393186	1101	142170
37	0	2004	14864	1401227	1089	144393
37	0	2005	15483	1406773	1130	145479
37	0	2006	15234	1422242	1138	148478
37	0	2007	15481	1436434	1157	152404
37	0	2008	15935	1447383	1164	154530
37	0	2009	15479	1463317	1161	158210
37	1	1990	13513	1345399	902	121114
37	1	1991	13286	1353098	923	123519
37	1	1992	13361	1366502	920	126974
37	1	1993	14316	1375670	971	128528
37	1	1994	14254	1384103	965	130442
37	1	1995	14651	1391450	948	131772
37	1	1996	14896	1399680	998	133849
37	1	1997	15262	1408276	1043	136151
37	1	1998	15354	1417595	1003	138835
37	1	1999	15821	1424430	1131	140624
37	1	2000	16269	1426370	999	142178
37	1	2001	15824	1427294	1099	143387
37	1	2002	16202	1432837	1051	144902
37	1	2003	16199	1438417	1103	146579
37	1	2004	15293	1440584	1038	146849
37	1	2005	16106	1446967	1070	148625
37	1	2006	15584	1461679	1077	151390
37	1	2007	15876	1473183	1058	154117
37	1	2008	16256	1484588	1026	156407
37	1	2009	15271	1498564	1039	159971
38	0	1990	12685	1326921	159	24656
38	0	1991	12660	1357371	138	25889
38	0	1992	12726	1385849	175	26889
38	0	1993	13798	1416812	203	28026
38	0	1994	13472	1444396	166	29199
38	0	1995	13808	1472040	186	30585
38	0	1996	14206	1499507	193	31756
38	0	1997	13767	1525090	187	32612
38	0	1998	14149	1545242	172	33899
38	0	1999	13937	1562845	187	35120
38	0	2000	13985	1576901	198	37072
38	0	2001	14204	1592251	183	38362
38	0	2002	14766	1611177	182	39860
38	0	2003	14638	1623837	192	40803
38	0	2004	14351	1632405	178	41567
38	0	2005	14710	1649374	172	42950
38	0	2006	14892	1673197	166	44790
38	0	2007	15038	1695392	195	46389
38	0	2008	15394	1714907	197	48141
38	0	2009	15212	1731918	197	49880
38	1	1990	11731	1374066	106	22730
38	1	1991	11685	1403210	101	23872
38	1	1992	12298	1429561	89	24626
38	1	1993	13011	1458862	99	25458
38	1	1994	13153	1484238	130	26626
38	1	1995	13532	1510194	100	27756
38	1	1996	13829	1535743	87	29000
38	1	1997	14100	1558592	102	29576
38	1	1998	14331	1576935	129	30609
38	1	1999	14579	1591411	108	31249
38	1	2000	14605	1603003	120	32708
38	1	2001	14969	1618268	133	34125
38	1	2002	15340	1636789	121	35517
38	1	2003	15193	1649804	118	36451
38	1	2004	14831	1658467	174	37323
38	1	2005	15296	1676644	138	38503
38	1	2006	15392	1701585	149	40094
38	1	2007	15204	1724164	111	41797
38	1	2008	15381	1744939	150	43327
38	1	2009	15225	1760432	146	44962
39	0	1990	54840	5109879	6156	517798
39	0	1991	54915	5137187	6120	528018
39	0	1992	54974	5157177	6212	540370
39	0	1993	55927	5179197	6680	552044
39	0	1994	56071	5191526	6550	561222
39	0	1995	56166	5196912	6538	570211
39	0	1996	56523	5196225	6402	578215
39	0	1997	55288	5191688	6106	585742
39	0	1998	54965	5188931	5839	593972
39	0	1999	55522	5190271	6114	603144
39	0	2000	55542	5190996	6127	611903
39	0	2001	55267	5191804	5987	617386
39	0	2002	55525	5198406	5934	624450
39	0	2003	55472	5208326	6132	631188
39	0	2004	54483	5214552	5801	639823
39	0	2005	55203	5220968	6129	647508
39	0	2006	53784	5237656	6143	657552
39	0	2007	53860	5252403	5932	667302
39	0	2008	55060	5265407	5833	673890
39	0	2009	53964	5277985	5881	679468
39	1	1990	55239	5526599	5354	592440
39	1	1991	55887	5547187	5383	603416
39	1	1992	56390	5559574	5583	615770
39	1	1993	57793	5574922	5676	627479
39	1	1994	59314	5579738	5636	637480
39	1	1995	59146	5580329	5551	645101
39	1	1996	60286	5575815	5613	652650
39	1	1997	60314	5563911	5715	659753
39	1	1998	59797	5556508	5603	668673
39	1	1999	62138	5544312	5990	676781
39	1	2000	62620	5534785	5967	683945
39	1	2001	61895	5527839	5997	688312
39	1	2002	62148	5523943	6041	693462
39	1	2003	61600	5520752	5995	699171
39	1	2004	60900	5517055	5778	706844
39	1	2005	61636	5512779	5907	714296
39	1	2006	59204	5517361	5709	722900
39	1	2007	58764	5523801	5804	731198
39	1	2008	59955	5530203	5870	738734
39	1	2009	58303	5534840	5873	743728
40	0	1990	4457	449326	124	21822
40	0	1991	4374	450725	116	22640
40	0	1992	4387	450441	82	23424
40	0	1993	4507	450449	114	24231
40	0	1994	4275	449307	137	25190
40	0	1995	4427	448440	107	26020
40	0	1996	4328	448880	65	26910
40	0	1997	4417	449677	117	28036
40	0	1998	4379	450367	96	29343
40	0	1999	4262	452991	111	30871
40	0	2000	4361	455751	129	32260
40	0	2001	4413	458525	134	33087
40	0	2002	4496	461581	145	34031
40	0	2003	4362	463442	145	34822
40	0	2004	4366	463460	156	35649
40	0	2005	4336	460249	165	35896
40	0	2006	4374	458181	99	36446
40	0	2007	4262	455705	143	36596
40	0	2008	4368	454958	162	36923
40	0	2009	4187	454602	139	37427
40	1	1990	4742	489691	80	21852
40	1	1991	4618	490251	66	22785
40	1	1992	4719	490110	76	23623
40	1	1993	4873	490046	64	24559
40	1	1994	4719	489258	85	25388
40	1	1995	4838	488386	93	26430
40	1	1996	4850	488931	91	27488
40	1	1997	4994	489150	114	28621
40	1	1998	4827	490284	95	29800
40	1	1999	5004	492396	106	31432
40	1	2000	5225	495179	116	32935
40	1	2001	5192	497041	86	33846
40	1	2002	5318	498982	92	34698
40	1	2003	5203	500045	100	35392
40	1	2004	4946	498181	123	35685
40	1	2005	5176	494113	101	35906
40	1	2006	4892	490617	104	36002
40	1	2007	5046	487400	87	36301
40	1	2008	4931	485490	81	36542
40	1	2009	4759	484307	108	36818
41	0	1990	10630	1192060	5111	488889
41	0	1991	10839	1213865	5023	500020
41	0	1992	11085	1228843	5198	510324
41	0	1993	11360	1237754	5338	518501
41	0	1994	11517	1249011	5241	525512
41	0	1995	12159	1260761	5256	532208
41	0	1996	11937	1276893	5465	538711
41	0	1997	11923	1298806	5325	546127
41	0	1998	12306	1322035	5283	552479
41	0	1999	12671	1345376	5428	558524
41	0	2000	13203	1362953	5448	564490
41	0	2001	12989	1376512	5544	568242
41	0	2002	13507	1392312	5451	571771
41	0	2003	13449	1406473	5561	575811
41	0	2004	13403	1429356	5411	580965
41	0	2005	14034	1450064	5507	585267
41	0	2006	13998	1481087	5652	593877
41	0	2007	14263	1514050	5580	601451
41	0	2008	14663	1542405	5546	608933
41	0	2009	15119	1563747	5510	613974
41	1	1990	9621	1231287	4313	558026
41	1	1991	9607	1254159	4435	570138
41	1	1992	9917	1268815	4381	579304
41	1	1993	10598	1282394	4591	589473
41	1	1994	10812	1296200	4617	598215
41	1	1995	11199	1309799	4832	606350
41	1	1996	11660	1324925	4922	613375
41	1	1997	11456	1346605	4893	621899
41	1	1998	12151	1367544	4966	628560
41	1	1999	12827	1384465	5025	634128
41	1	2000	12905	1398468	5257	640301
41	1	2001	12829	1413177	5096	644871
41	1	2002	13274	1428994	5340	648021
41	1	2003	13763	1445999	5206	652171
41	1	2004	13038	1464436	5255	657003
41	1	2005	13815	1486008	5171	661966
41	1	2006	13697	1517521	5212	669929
41	1	2007	13999	1549791	5416	677437
41	1	2008	14549	1579580	5309	686635
41	1	2009	14301	1602765	5282	691716
42	0	1990	3067	315101	0	1894
42	0	1991	3268	318123	0	1975
42	0	1992	3157	321904	0	2210
42	0	1993	3289	326327	0	2201
42	0	1994	3199	330091	0	2329
42	0	1995	3296	333222	0	2222
42	0	1996	3272	333858	0	2627
42	0	1997	3280	334270	0	2672
42	0	1998	3142	334454	0	2874
42	0	1999	3182	335726	0	3058
42	0	2000	3171	336550	0	3890
42	0	2001	3284	337722	0	4187
42	0	2002	3097	338855	0	4497
42	0	2003	3239	340893	0	4781
42	0	2004	3070	343789	0	5135
42	0	2005	3246	346015	0	5421
42	0	2006	3220	349425	0	5794
42	0	2007	3148	352757	0	6146
42	0	2008	3238	355854	0	6418
42	0	2009	3168	359353	0	6955
42	1	1990	2779	325429	0	1196
42	1	1991	2896	327643	0	1192
42	1	1992	3029	330779	0	1277
42	1	1993	2991	334756	0	1278
42	1	1994	3012	338514	0	1328
42	1	1995	3116	341468	0	1222
42	1	1996	3021	342135	0	1420
42	1	1997	3064	341937	0	1490
42	1	1998	3204	341992	0	1654
42	1	1999	3255	342471	0	1691
42	1	2000	3292	342597	0	2353
42	1	2001	3129	343244	0	2687
42	1	2002	3237	343702	0	3011
42	1	2003	3292	344770	0	3293
42	1	2004	3108	347142	0	3569
42	1	2005	3265	349029	0	3906
42	1	2006	3281	352043	0	4205
42	1	2007	3079	355382	0	4574
42	1	2008	3256	358228	0	4810
42	1	2009	3142	360449	0	5139
43	0	1990	20276	1973973	4089	363294
43	0	1991	20178	2000966	3968	371028
43	0	1992	20139	2031982	4101	381152
43	0	1993	21004	2064017	4251	391829
43	0	1994	21392	2100294	4200	401422
43	0	1995	21661	2139252	4471	409677
43	0	1996	21635	2174035	4328	418618
43	0	1997	22091	2206139	4305	425954
43	0	1998	22449	2234393	4178	433503
43	0	1999	22430	2263315	4133	441667
43	0	2000	22909	2287794	4288	449096
43	0	2001	22783	2306649	4125	455656
43	0	2002	23440	2321893	4270	461194
43	0	2003	23851	2338609	4251	466419
43	0	2004	23396	2362712	4101	474127
43	0	2005	23955	2391364	4391	481839
43	0	2006	24078	2422569	4308	490726
43	0	2007	24194	2458195	4249	497344
43	0	2008	24839	2480606	4160	502274
43	0	2009	25018	2501493	4226	508328
43	1	1990	18159	2096008	3711	419536
43	1	1991	18400	2123226	3675	427610
43	1	1992	18639	2153415	3607	436866
43	1	1993	20083	2184181	3790	447441
43	1	1994	20914	2218473	3896	456948
43	1	1995	21019	2254037	4027	465593
43	1	1996	21369	2286734	3971	474278
43	1	1997	21969	2318492	4150	482480
43	1	1998	22564	2341441	4061	490965
43	1	1999	22875	2362012	4193	498124
43	1	2000	23566	2379305	4324	504845
43	1	2001	23854	2395757	4209	511762
43	1	2002	24451	2412033	4235	518648
43	1	2003	24753	2432192	4261	525797
43	1	2004	24046	2449563	4067	532287
43	1	2005	24522	2478486	4135	541049
43	1	2006	24051	2515576	4161	552447
43	1	2007	24277	2544711	4104	559066
43	1	2008	25415	2574373	4146	566104
43	1	2009	24771	2592599	3974	572689
44	0	1990	57640	7210900	9290	989950
44	0	1991	58023	7347098	9240	1008158
44	0	1992	58613	7494385	9467	1028682
44	0	1993	60986	7657170	9735	1053540
44	0	1994	61583	7824329	9594	1076509
44	0	1995	61718	7980421	9434	1105326
44	0	1996	62114	8133054	9357	1127448
44	0	1997	63055	8298671	9278	1147342
44	0	1998	62213	8471889	9404	1167286
44	0	1999	63412	8642333	9208	1187505
44	0	2000	64593	8801865	9281	1205560
44	0	2001	65943	8958741	9551	1230355
44	0	2002	67234	9113986	9823	1252382
44	0	2003	67275	9249347	9783	1270713
44	0	2004	66776	9397037	9750	1292988
44	0	2005	68352	9551757	9863	1318294
44	0	2006	68202	9747623	10000	1382317
44	0	2007	70486	9939336	10050	1408241
44	0	2008	73036	10128748	9670	1438598
44	0	2009	72159	10318778	10203	1472569
44	1	1990	50474	7385381	7377	1065406
44	1	1991	51209	7519228	7609	1089005
44	1	1992	52593	7655938	7658	1111449
44	1	1993	55087	7808708	8031	1137049
44	1	1994	56098	7961712	7947	1162597
44	1	1995	57484	8111095	8231	1187067
44	1	1996	59039	8255349	8438	1208292
44	1	1997	60875	8408734	8486	1229729
44	1	1998	61230	8571014	8637	1252438
44	1	1999	63905	8716280	9044	1273788
44	1	2000	65491	8853282	9198	1291653
44	1	2001	66366	8993485	9468	1315890
44	1	2002	67480	9130583	9462	1339173
44	1	2003	66577	9265854	9548	1361307
44	1	2004	65246	9399329	9372	1383448
44	1	2005	66783	9536811	9585	1407715
44	1	2006	67565	9722086	9384	1484444
44	1	2007	68367	9898958	9517	1509614
44	1	2008	70439	10067944	9634	1538367
44	1	2009	68961	10239032	9745	1571980
45	0	1990	4836	823676	0	7126
45	0	1991	4906	846653	0	7513
45	0	1992	4961	873824	0	8110
45	0	1993	5221	903118	0	8517
45	0	1994	5335	931983	0	9102
45	0	1995	5474	957511	0	9627
45	0	1996	5597	982827	0	10156
45	0	1997	5727	1007028	0	10810
45	0	1998	5892	1028734	0	11420
45	0	1999	5949	1046887	0	12081
45	0	2000	5994	1065189	0	13157
45	0	2001	6117	1086650	0	14166
45	0	2002	6418	1106673	0	15061
45	0	2003	6476	1128303	0	15883
45	0	2004	6567	1155396	0	16922
45	0	2005	6497	1183340	0	18102
45	0	2006	6687	1222429	0	19818
45	0	2007	6903	1259799	0	21510
45	0	2008	6840	1287688	0	22873
45	0	2009	6954	1312993	0	24444
45	1	1990	4123	835786	0	4959
45	1	1991	4506	857476	0	5344
45	1	1992	4591	883304	0	5730
45	1	1993	4944	911412	0	6142
45	1	1994	4792	938724	0	6720
45	1	1995	5156	962896	0	7167
45	1	1996	5191	987408	0	7672
45	1	1997	5544	1010363	0	8248
45	1	1998	5596	1030370	0	8770
45	1	1999	5717	1045601	0	9293
45	1	2000	6011	1061843	0	10206
45	1	2001	6149	1082168	0	11205
45	1	2002	6291	1100373	11	12125
45	1	2003	6532	1119722	12	12879
45	1	2004	6413	1146071	0	13934
45	1	2005	6469	1172883	0	15042
45	1	2006	6623	1209568	0	16617
45	1	2007	6736	1243673	10	18246
45	1	2008	6702	1271655	0	19596
45	1	2009	6700	1295809	12	21061
46	0	1990	2306	273122	0	1090
46	0	1991	2188	274908	0	1140
46	0	1992	2374	276819	0	1275
46	0	1993	2432	278884	0	1627
46	0	1994	2319	281683	0	1589
46	0	1995	2401	283958	0	1650
46	0	1996	2332	285833	0	1792
46	0	1997	2404	287199	0	1781
46	0	1998	2425	288473	0	1892
46	0	1999	2399	290533	0	2060
46	0	2000	2408	292379	0	2342
46	0	2001	2414	293498	0	2546
46	0	2002	2397	294977	0	2686
46	0	2003	2365	295480	0	2865
46	0	2004	2410	296118	0	3005
46	0	2005	2426	296430	0	3176
46	0	2006	2402	296716	0	3367
46	0	2007	2453	296845	0	3534
46	0	2008	2553	296973	0	3698
46	0	2009	2425	297104	0	3884
46	1	1990	2240	285012	0	800
46	1	1991	2321	286795	0	816
46	1	1992	2358	288449	0	945
46	1	1993	2462	290399	0	1157
46	1	1994	2399	293269	0	1153
46	1	1995	2479	295542	0	1286
46	1	1996	2473	297649	0	1519
46	1	1997	2597	299370	0	1468
46	1	1998	2476	300908	0	1489
46	1	1999	2529	302824	0	1475
46	1	2000	2662	304584	0	1799
46	1	2001	2736	305087	0	1940
46	1	2002	2607	305795	0	2103
46	1	2003	2698	306342	0	2260
46	1	2004	2541	306643	0	2455
46	1	2005	2571	306526	0	2625
46	1	2006	2581	306770	0	2846
46	1	2007	2664	306646	0	2998
46	1	2008	2589	306672	0	3178
46	1	2009	2547	306687	0	3348
47	0	1990	19107	2401926	5747	562253
47	0	1991	19365	2424287	5926	575250
47	0	1992	19381	2458636	5860	593485
47	0	1993	20024	2485075	6192	607683
47	0	1994	20318	2507052	6076	619793
47	0	1995	20350	2526674	6136	630368
47	0	1996	20407	2546589	6133	641456
47	0	1997	20514	2564289	5987	653201
47	0	1998	20733	2580691	5824	664551
47	0	1999	20850	2607592	6062	680199
47	0	2000	20941	2640078	5971	691879
47	0	2001	20922	2669442	5953	697771
47	0	2002	21691	2696482	5916	706512
47	0	2003	21973	2722522	6240	714801
47	0	2004	21374	2750470	5938	724687
47	0	2005	21814	2780220	5980	734581
47	0	2006	22061	2807255	5874	746621
47	0	2007	22079	2828196	6133	755227
47	0	2008	22559	2850579	5882	764725
47	0	2009	22530	2875769	5972	774935
47	1	1990	18243	2462455	4618	612623
47	1	1991	18684	2486726	4839	626944
47	1	1992	18777	2516442	4980	645066
47	1	1993	19765	2544320	5129	660721
47	1	1994	20139	2569508	5239	674941
47	1	1995	20580	2590324	5402	688857
47	1	1996	20967	2612820	5488	701418
47	1	1997	21359	2633804	5483	714595
47	1	1998	21771	2649982	5553	728141
47	1	1999	22071	2674592	5702	742318
47	1	2000	22927	2699843	5778	753951
47	1	2001	22913	2726935	5785	762331
47	1	2002	23020	2757396	5831	772231
47	1	2003	23324	2787340	5922	782121
47	1	2004	22542	2817896	5866	792408
47	1	2005	23302	2844579	5872	803115
47	1	2006	22987	2863347	5821	812792
47	1	2007	23148	2882971	5888	820944
47	1	2008	23531	2901735	6047	830624
47	1	2009	23245	2927191	5805	841411
48	0	1990	18121	2203163	546	82574
48	0	1991	18046	2252751	500	85828
48	0	1992	18674	2308347	521	90134
48	0	1993	19654	2355713	565	93048
48	0	1994	19296	2390749	629	96903
48	0	1995	19437	2432057	573	101254
48	0	1996	20105	2464918	632	105597
48	0	1997	19575	2503174	575	111172
48	0	1998	19992	2535127	602	114682
48	0	1999	20327	2559766	650	118270
48	0	2000	20412	2580938	573	123219
48	0	2001	20494	2610675	594	127135
48	0	2002	20985	2633022	622	130558
48	0	2003	20956	2649571	700	132570
48	0	2004	20746	2670058	606	135560
48	0	2005	21156	2697819	701	139101
48	0	2006	20911	2739547	732	144614
48	0	2007	21653	2770864	715	148522
48	0	2008	22210	2810790	733	155084
48	0	2009	22183	2846984	714	161021
48	1	1990	17066	2237926	282	71800
48	1	1991	17089	2287518	298	75288
48	1	1992	17380	2339663	342	79274
48	1	1993	18565	2385647	364	82342
48	1	1994	18359	2421220	348	85749
48	1	1995	18948	2458516	397	89547
48	1	1996	19709	2487779	399	93863
48	1	1997	19486	2524926	380	97805
48	1	1998	20135	2557716	405	100546
48	1	1999	20782	2578841	451	104049
48	1	2000	20824	2597218	476	108320
48	1	2001	21296	2619695	429	111654
48	1	2002	21307	2642702	484	114959
48	1	2003	21711	2662658	476	117999
48	1	2004	20974	2689598	434	121169
48	1	2005	21718	2713622	499	124314
48	1	2006	21668	2750008	531	128821
48	1	2007	22164	2782149	540	132717
48	1	2008	22598	2812528	551	137069
48	1	2009	22315	2843754	546	141909
49	0	1990	9785	830653	400	26236
49	0	1991	9901	834474	346	26335
49	0	1992	9653	839051	322	26636
49	0	1993	9978	844655	330	27387
49	0	1994	9698	846391	369	27958
49	0	1995	9846	848413	339	28489
49	0	1996	9741	847949	328	29105
49	0	1997	9917	846834	283	29347
49	0	1998	9908	845026	324	29784
49	0	1999	9922	844088	295	30005
49	0	2000	9924	840677	253	30803
49	0	2001	9799	837585	280	31131
49	0	2002	9944	838638	311	31636
49	0	2003	10012	840218	298	32128
49	0	2004	9889	840282	237	32726
49	0	2005	9913	840794	266	33299
49	0	2006	9988	841676	281	34008
49	0	2007	10227	843198	331	34781
49	0	2008	10307	844541	311	35632
49	0	2009	10397	846614	285	36595
49	1	1990	8800	896799	319	29832
49	1	1991	9297	898763	336	29648
49	1	1992	9302	901436	329	29410
49	1	1993	9655	905411	353	29562
49	1	1994	9674	905894	325	29680
49	1	1995	9656	906321	300	29975
49	1	1996	9916	904852	331	29936
49	1	1997	10258	901810	324	30018
49	1	1998	10080	898949	353	30182
49	1	1999	10391	896008	347	29770
49	1	2000	10553	890665	296	30247
49	1	2001	10456	884885	323	30259
49	1	2002	10383	883527	268	30502
49	1	2003	10576	883191	331	31080
49	1	2004	10236	882602	312	31511
49	1	2005	10191	881460	316	31854
49	1	2006	10022	881961	286	32601
49	1	2007	10130	882578	303	33309
49	1	2008	10539	882947	288	34075
49	1	2009	10272	883734	305	34770
50	0	1990	20759	2235553	798	117548
50	0	1991	21149	2260308	768	121888
50	0	1992	20427	2286416	763	126133
50	0	1993	21401	2310933	828	130286
50	0	1994	21134	2330066	864	134529
50	0	1995	21335	2350376	940	138938
50	0	1996	21357	2367018	910	143448
50	0	1997	21011	2381644	852	146288
50	0	1998	21318	2393854	939	148733
50	0	1999	21748	2407804	915	152072
50	0	2000	21315	2423024	968	156579
50	0	2001	21559	2436806	943	159690
50	0	2002	21679	2451468	1022	163579
50	0	2003	21250	2463866	1032	165937
50	0	2004	21030	2478665	996	168302
50	0	2005	21234	2490896	1113	171145
50	0	2006	20915	2502033	1080	173470
50	0	2007	21073	2513600	1097	176050
50	0	2008	21491	2522926	1076	178134
50	0	2009	21172	2532977	1117	180157
50	1	1990	20316	2326350	554	130479
50	1	1991	20342	2348224	525	134756
50	1	1992	20091	2370024	574	138783
50	1	1993	21281	2391399	629	142558
50	1	1994	21333	2407542	715	146605
50	1	1995	21707	2425667	667	149877
50	1	1996	21719	2440437	715	153638
50	1	1997	21883	2451143	700	156638
50	1	1998	22498	2459967	725	159614
50	1	1999	22768	2466785	767	163158
50	1	2000	22834	2476721	886	166947
50	1	2001	22828	2486506	764	169898
50	1	2002	22953	2497580	807	173035
50	1	2003	22415	2505793	876	175302
50	1	2004	22058	2516541	924	177347
50	1	2005	22805	2524682	907	179514
50	1	2006	22598	2534166	992	182117
50	1	2007	22406	2542935	1002	184387
50	1	2008	22612	2550837	937	186716
50	1	2009	21803	2559814	954	188927
51	0	1990	1645	219241	0	1948
51	0	1991	1625	222075	0	1973
51	0	1992	1673	225507	0	2084
51	0	1993	1772	228954	0	2062
51	0	1994	1764	232676	0	2082
51	0	1995	1911	234983	0	2182
51	0	1996	1770	236278	0	2247
51	0	1997	1910	236963	0	2236
51	0	1998	1842	237812	0	2389
51	0	1999	1998	237714	0	2386
51	0	2000	1905	238164	0	2694
51	0	2001	1979	237585	0	2914
51	0	2002	2049	239365	0	3152
51	0	2003	2053	240431	0	3287
51	0	2004	1911	242349	0	3553
51	0	2005	2083	243713	0	3711
51	0	2006	2135	246867	0	3938
51	0	2007	2123	252071	0	4326
51	0	2008	2073	256493	0	4567
51	0	2009	2170	261968	0	4956
51	1	1990	1424	218665	0	1638
51	1	1991	1414	221044	0	1656
51	1	1992	1480	224097	0	1781
51	1	1993	1599	226986	0	1727
51	1	1994	1600	230337	0	1728
51	1	1995	1657	232795	0	1754
51	1	1996	1702	234026	0	1793
51	1	1997	1698	234649	0	1688
51	1	1998	1857	234662	0	1775
51	1	1999	1902	235025	0	1864
51	1	2000	1877	235381	0	2071
51	1	2001	1891	234086	0	2301
51	1	2002	1969	235480	0	2495
51	1	2003	1931	235890	0	2677
51	1	2004	1877	236869	0	2910
51	1	2005	1893	238000	0	3056
51	1	2006	1977	240404	0	3255
51	1	2007	1985	244346	0	3507
51	1	2008	1977	248275	0	3809
51	1	2009	1942	252647	0	4129
